state	Prior
700.0	-285.698
710.0	-285.738
720.0	-282.34
730.0	-285.524
740.0	-284.725
750.0	-291.629
760.0	-287.675
770.0	-292.156
780.0	-293.618
790.0	-294.053
800.0	-294.58
810.0	-288.823
820.0	-287.973
830.0	-285.672
840.0	-291.927
850.0	-290.373
860.0	-289.142
870.0	-293.478
880.0	-291.937
890.0	-290.884
900.0	-286.553
910.0	-288.714
920.0	-289.483
930.0	-288.15
940.0	-285.604
950.0	-292.925
960.0	-295.927
970.0	-294.296
980.0	-295.635
990.0	-296.63
1000.0	-286.684
1010.0	-288.069
1020.0	-290.953
1030.0	-287.457
1040.0	-289.252
1050.0	-285.1
1060.0	-286.661
1070.0	-285.974
1080.0	-286.346
1090.0	-284.674
1100.0	-285.785
1110.0	-289.724
1120.0	-290.422
1130.0	-290.597
1140.0	-288.761
1150.0	-297.613
1160.0	-294.301
1170.0	-290.016
1180.0	-290.048
1190.0	-288.898
1200.0	-280.837
1210.0	-287.817
1220.0	-287.155
1230.0	-285.739
1240.0	-285.704
1250.0	-284.832
1260.0	-286.182
1270.0	-283.034
1280.0	-284.441
1290.0	-288.126
1300.0	-285.783
1310.0	-286.238
1320.0	-287.541
1330.0	-283.774
1340.0	-288.166
1350.0	-291.945
1360.0	-288.837
1370.0	-286.889
1380.0	-286.214
1390.0	-285.126
1400.0	-284.209
1410.0	-288.561
1420.0	-282.299
1430.0	-286.678
1440.0	-281.698
1450.0	-280.809
1460.0	-281.985
1470.0	-286.533
1480.0	-293.898
1490.0	-286.548
1500.0	-283.855
1510.0	-286.526
1520.0	-285.411
1530.0	-282.174
1540.0	-282.815
1550.0	-286.49
1560.0	-289.062
1570.0	-285.608
1580.0	-288.477
1590.0	-286.237
1600.0	-286.673
1610.0	-287.815
1620.0	-286.089
1630.0	-288.94
1640.0	-284.388
1650.0	-284.42
1660.0	-285.994
1670.0	-283.726
1680.0	-285.221
1690.0	-281.59
1700.0	-284.288
1710.0	-283.129
1720.0	-284.327
1730.0	-286.549
1740.0	-283.508
1750.0	-283.328
1760.0	-283.837
1770.0	-286.678
1780.0	-283.497
1790.0	-282.399
1800.0	-280.668
1810.0	-277.864
1820.0	-281.482
1830.0	-283.845
1840.0	-284.076
1850.0	-281.379
1860.0	-281.136
1870.0	-281.897
1880.0	-281.675
1890.0	-280.811
1900.0	-282.347
1910.0	-281.554
1920.0	-281.298
1930.0	-282.446
1940.0	-283.223
1950.0	-290.796
1960.0	-291.246
1970.0	-286.778
1980.0	-279.276
1990.0	-282.574
2000.0	-281.295
2010.0	-281.606
2020.0	-280.975
2030.0	-281.694
2040.0	-281.44
2050.0	-281.624
2060.0	-288.66
2070.0	-281.252
2080.0	-283.895
2090.0	-287.475
2100.0	-282.177
2110.0	-280.279
2120.0	-281.088
2130.0	-281.391
2140.0	-281.873
2150.0	-282.986
2160.0	-285.502
2170.0	-281.182
2180.0	-282.686
2190.0	-284.101
2200.0	-283.485
2210.0	-281.639
2220.0	-284.15
2230.0	-285.754
2240.0	-285.73
2250.0	-286.869
2260.0	-282.669
2270.0	-281.632
2280.0	-280.77
2290.0	-285.892
2300.0	-284.443
2310.0	-283.204
2320.0	-281.856
2330.0	-285.282
2340.0	-285.45
2350.0	-288.478
2360.0	-287.431
2370.0	-282.837
2380.0	-282.26
2390.0	-281.047
2400.0	-286.569
2410.0	-283.163
2420.0	-285.275
2430.0	-282.954
2440.0	-280.127
2450.0	-279.358
2460.0	-280.579
2470.0	-280.293
2480.0	-282.738
2490.0	-281.785
2500.0	-285.659
2510.0	-283.049
2520.0	-283.392
2530.0	-279.445
2540.0	-282.412
2550.0	-284.575
2560.0	-282.433
2570.0	-279.739
2580.0	-282.926
2590.0	-280.501
2600.0	-280.14
2610.0	-279.993
2620.0	-279.905
2630.0	-282.302
2640.0	-282.191
2650.0	-280.417
2660.0	-283.05
2670.0	-281.319
2680.0	-281.74
2690.0	-281.232
2700.0	-282.472
2710.0	-280.937
2720.0	-285.569
2730.0	-285.433
2740.0	-281.403
2750.0	-282.348
2760.0	-282.931
2770.0	-282.976
2780.0	-280.842
2790.0	-285.446
2800.0	-279.531
2810.0	-283.696
2820.0	-283.147
2830.0	-285.261
2840.0	-282.341
2850.0	-279.159
2860.0	-281.0
2870.0	-280.156
2880.0	-283.646
2890.0	-279.528
2900.0	-280.109
2910.0	-281.153
2920.0	-283.329
2930.0	-281.071
2940.0	-282.513
2950.0	-279.93
2960.0	-281.571
2970.0	-282.334
2980.0	-284.259
2990.0	-283.213
3000.0	-280.19
3010.0	-277.642
3020.0	-281.279
3030.0	-281.342
3040.0	-282.028
3050.0	-282.37
3060.0	-279.817
3070.0	-282.127
3080.0	-282.701
3090.0	-281.929
3100.0	-280.071
3110.0	-281.56
3120.0	-282.033
3130.0	-280.107
3140.0	-281.353
3150.0	-282.93
3160.0	-284.628
3170.0	-280.751
3180.0	-283.864
3190.0	-281.492
3200.0	-281.896
3210.0	-286.019
3220.0	-282.95
3230.0	-281.24
3240.0	-282.288
3250.0	-280.28
3260.0	-281.45
3270.0	-279.371
3280.0	-281.822
3290.0	-279.875
3300.0	-280.05
3310.0	-279.808
3320.0	-284.638
3330.0	-281.684
3340.0	-279.744
3350.0	-281.055
3360.0	-281.904
3370.0	-284.635
3380.0	-280.1
3390.0	-282.185
3400.0	-281.232
3410.0	-283.265
3420.0	-280.358
3430.0	-279.566
3440.0	-278.165
3450.0	-279.474
3460.0	-280.584
3470.0	-284.203
3480.0	-282.002
3490.0	-281.525
3500.0	-281.636
3510.0	-281.062
3520.0	-281.605
3530.0	-283.219
3540.0	-283.038
3550.0	-284.004
3560.0	-283.991
3570.0	-282.777
3580.0	-282.342
3590.0	-284.03
3600.0	-279.971
3610.0	-278.734
3620.0	-282.141
3630.0	-282.42
3640.0	-282.673
3650.0	-280.989
3660.0	-284.009
3670.0	-282.934
3680.0	-281.307
3690.0	-281.114
3700.0	-282.276
3710.0	-284.084
3720.0	-280.102
3730.0	-281.973
3740.0	-280.36
3750.0	-282.908
3760.0	-282.967
3770.0	-284.414
3780.0	-282.637
3790.0	-282.976
3800.0	-281.46
3810.0	-280.296
3820.0	-281.084
3830.0	-285.001
3840.0	-283.543
3850.0	-281.005
3860.0	-285.222
3870.0	-282.906
3880.0	-279.955
3890.0	-280.214
3900.0	-281.412
3910.0	-282.818
3920.0	-284.504
3930.0	-281.011
3940.0	-283.914
3950.0	-283.1
3960.0	-286.191
3970.0	-287.694
3980.0	-284.959
3990.0	-282.466
4000.0	-282.882
4010.0	-283.715
4020.0	-283.413
4030.0	-286.087
4040.0	-282.809
4050.0	-283.613
4060.0	-281.216
4070.0	-283.228
4080.0	-281.381
4090.0	-283.997
4100.0	-283.672
4110.0	-282.784
4120.0	-282.915
4130.0	-282.246
4140.0	-281.949
4150.0	-281.913
4160.0	-282.607
4170.0	-282.306
4180.0	-281.639
4190.0	-282.248
4200.0	-280.854
4210.0	-281.705
4220.0	-282.83
4230.0	-282.014
4240.0	-282.105
4250.0	-284.05
4260.0	-282.435
4270.0	-284.892
4280.0	-283.166
4290.0	-282.47
4300.0	-281.925
4310.0	-283.509
4320.0	-283.099
4330.0	-282.847
4340.0	-284.492
4350.0	-284.021
4360.0	-282.914
4370.0	-288.252
4380.0	-283.801
4390.0	-285.819
4400.0	-283.911
4410.0	-286.769
4420.0	-280.651
4430.0	-283.259
4440.0	-286.593
4450.0	-281.498
4460.0	-281.389
4470.0	-282.684
4480.0	-280.986
4490.0	-284.407
4500.0	-281.309
4510.0	-281.913
4520.0	-282.23
4530.0	-282.655
4540.0	-281.669
4550.0	-282.826
4560.0	-282.786
4570.0	-286.581
4580.0	-284.529
4590.0	-280.97
4600.0	-282.399
4610.0	-284.06
4620.0	-283.037
4630.0	-284.943
4640.0	-283.457
4650.0	-284.841
4660.0	-281.684
4670.0	-283.114
4680.0	-281.959
4690.0	-281.628
4700.0	-286.641
4710.0	-286.166
4720.0	-283.537
4730.0	-284.751
4740.0	-281.242
4750.0	-281.374
4760.0	-283.679
4770.0	-284.975
4780.0	-284.128
4790.0	-286.689
4800.0	-281.998
4810.0	-281.771
4820.0	-282.994
4830.0	-283.736
4840.0	-283.516
4850.0	-286.707
4860.0	-284.269
4870.0	-281.24
4880.0	-282.743
4890.0	-282.721
4900.0	-283.81
4910.0	-286.317
4920.0	-286.476
4930.0	-281.976
4940.0	-284.113
4950.0	-283.456
4960.0	-283.818
4970.0	-285.822
4980.0	-285.941
4990.0	-283.167
5000.0	-284.174
5010.0	-280.729
5020.0	-281.509
5030.0	-281.784
5040.0	-283.647
5050.0	-282.257
5060.0	-285.028
5070.0	-283.247
5080.0	-282.359
5090.0	-281.059
5100.0	-284.435
5110.0	-281.88
5120.0	-282.322
5130.0	-286.18
5140.0	-283.635
5150.0	-281.523
5160.0	-284.618
5170.0	-286.042
5180.0	-283.033
5190.0	-284.528
5200.0	-282.728
5210.0	-282.588
5220.0	-282.773
5230.0	-280.673
5240.0	-283.955
5250.0	-282.191
5260.0	-279.531
5270.0	-282.563
5280.0	-282.861
5290.0	-283.576
5300.0	-282.024
5310.0	-283.507
5320.0	-281.411
5330.0	-281.285
5340.0	-280.834
5350.0	-284.119
5360.0	-282.087
5370.0	-283.629
5380.0	-284.617
5390.0	-282.586
5400.0	-282.719
5410.0	-284.644
5420.0	-286.848
5430.0	-281.279
5440.0	-281.578
5450.0	-286.813
5460.0	-279.3
5470.0	-286.457
5480.0	-280.833
5490.0	-285.713
5500.0	-282.012
5510.0	-281.857
5520.0	-279.519
5530.0	-286.703
5540.0	-284.816
5550.0	-282.984
5560.0	-283.399
5570.0	-280.845
5580.0	-282.382
5590.0	-286.112
5600.0	-286.692
5610.0	-282.445
5620.0	-282.801
5630.0	-283.9
5640.0	-287.173
5650.0	-286.924
5660.0	-284.027
5670.0	-284.82
5680.0	-283.935
5690.0	-287.775
5700.0	-285.78
5710.0	-288.11
5720.0	-284.431
5730.0	-284.798
5740.0	-283.27
5750.0	-283.029
5760.0	-282.19
5770.0	-285.038
5780.0	-283.812
5790.0	-285.601
5800.0	-284.426
5810.0	-281.827
5820.0	-280.658
5830.0	-285.009
5840.0	-286.142
5850.0	-283.458
5860.0	-282.389
5870.0	-284.3
5880.0	-283.942
5890.0	-285.109
5900.0	-284.276
5910.0	-283.724
5920.0	-285.623
5930.0	-281.886
5940.0	-283.262
5950.0	-285.362
5960.0	-285.816
5970.0	-287.064
5980.0	-285.815
5990.0	-284.583
6000.0	-280.277
6010.0	-281.398
6020.0	-283.578
6030.0	-281.125
6040.0	-282.837
6050.0	-283.286
6060.0	-281.348
6070.0	-281.449
6080.0	-281.45
6090.0	-283.181
6100.0	-281.372
6110.0	-282.85
6120.0	-284.925
6130.0	-281.499
6140.0	-282.134
6150.0	-284.105
6160.0	-282.889
6170.0	-281.451
6180.0	-282.427
6190.0	-284.287
6200.0	-284.109
6210.0	-280.929
6220.0	-280.97
6230.0	-281.712
6240.0	-281.464
6250.0	-284.053
6260.0	-285.09
6270.0	-282.503
6280.0	-280.435
6290.0	-282.531
6300.0	-280.566
6310.0	-281.071
6320.0	-284.393
6330.0	-280.528
6340.0	-281.058
6350.0	-280.33
6360.0	-278.845
6370.0	-281.735
6380.0	-282.508
6390.0	-284.339
6400.0	-283.616
6410.0	-282.08
6420.0	-286.158
6430.0	-281.102
6440.0	-282.236
6450.0	-281.786
6460.0	-284.586
6470.0	-281.693
6480.0	-282.442
6490.0	-281.026
6500.0	-280.576
6510.0	-281.648
6520.0	-281.219
6530.0	-285.336
6540.0	-282.829
6550.0	-281.811
6560.0	-281.433
6570.0	-285.259
6580.0	-284.15
6590.0	-280.767
6600.0	-282.769
6610.0	-281.029
6620.0	-282.933
6630.0	-282.331
6640.0	-281.436
6650.0	-282.156
6660.0	-285.904
6670.0	-282.674
6680.0	-284.138
6690.0	-281.888
6700.0	-279.468
6710.0	-281.142
6720.0	-281.396
6730.0	-284.75
6740.0	-280.844
6750.0	-280.603
6760.0	-285.237
6770.0	-281.929
6780.0	-283.175
6790.0	-282.807
6800.0	-281.366
6810.0	-283.589
6820.0	-280.659
6830.0	-281.757
6840.0	-282.298
6850.0	-281.624
6860.0	-282.231
6870.0	-280.378
6880.0	-282.2
6890.0	-282.114
6900.0	-283.485
6910.0	-278.697
6920.0	-282.595
6930.0	-284.599
6940.0	-281.971
6950.0	-285.8
6960.0	-281.95
6970.0	-281.194
6980.0	-283.233
6990.0	-281.574
7000.0	-281.093
